20.000000 0.785398 1.047198 -25.000000 -22.510465 -25.000000 3.977010 -25.000000 28.080631
20.000000 0.785398 1.047198 -22.105263 -27.791470 -22.105263 5.819342 -22.105263 20.381685
20.000000 0.785398 1.047198 -19.210526 -29.924213 -19.210526 -8.031189 -19.210526 15.526501
20.000000 0.785398 1.047198 -16.315789 -26.006060 -16.315789 5.342636 -16.315789 25.360384
20.000000 0.785398 1.047198 -13.421053 -15.895930 -13.421053 8.598450 -13.421053 21.586776
20.000000 0.785398 1.047198 -10.526316 -23.998112 -10.526316 -7.419537 -10.526316 26.642180
20.000000 0.785398 1.047198 -7.631579 -16.276379 -7.631579 -0.302146 -7.631579 11.444402
20.000000 0.785398 1.047198 -4.736842 -23.452152 -4.736842 4.703593 -4.736842 22.863490
20.000000 0.785398 1.047198 -1.842105 -22.479358 -1.842105 1.325315 -1.842105 15.101436
20.000000 0.785398 1.047198 1.052632 -14.674737 1.052632 -8.591013 1.052632 14.011410
20.000000 0.785398 1.047198 3.947368 -21.448069 3.947368 -0.253156 3.947368 19.501866
20.000000 0.785398 1.047198 6.842105 -23.716600 6.842105 0.697120 6.842105 17.721173
20.000000 0.785398 1.047198 9.736842 -13.328673 9.736842 -5.354995 9.736842 26.571370
20.000000 0.785398 1.047198 12.631579 -16.802823 12.631579 -5.946407 12.631579 21.071670
20.000000 0.785398 1.047198 15.526316 -18.179408 15.526316 -5.126171 15.526316 12.397943
20.000000 0.785398 1.047198 18.421053 -10.964250 18.421053 -5.635399 18.421053 28.485681
20.000000 0.785398 1.047198 21.315789 -26.173469 21.315789 -9.948152 21.315789 23.075552
20.000000 0.785398 1.047198 24.210526 -20.859612 24.210526 2.376040 24.210526 27.104568
20.000000 0.785398 1.047198 27.105263 -13.494783 27.105263 -6.159509 27.105263 23.548480
20.000000 0.785398 1.047198 30.000000 -15.111704 30.000000 8.382493 30.000000 28.521975
